2.060987259726956836e+03 6.021631544415645720e+01 2.150831203597138938e+03 6.736668187733242519e+01
1.956495316005825089e+03 2.593606971705049205e+02 2.059440163745503014e+03 2.509542216205406930e+02
2.438761065323511957e+03 3.481537328606739834e+02 2.473404957890340938e+03 3.820966912744066803e+02
8.733002883146689328e+02 9.742042586105122837e+02 9.597568810864877378e+02 9.288594281696027792e+02
2.336093409931526821e+03 1.169180567900642984e+02 2.389964705679089093e+03 1.564358379250971041e+02
2.421817796008058849e+03 1.530981247122218974e+03 2.458356358770467978e+03 1.469570526772781932e+03
2.535838845078757004e+03 4.077238198306795880e+02 2.547970479014758894e+03 4.448252398197432171e+02
7.176907988653530310e+02 1.090442231380071007e+03 7.969330034410946837e+02 1.060668496475105940e+03
5.282638453720170446e+02 1.163897926243834036e+03 4.756252141566400269e+02 1.147685365916302089e+03
5.820816215881319522e+02 1.165962983326111953e+03 5.474903073453053821e+02 1.148423958864125098e+03
2.427737996845523867e+02 1.234083185676950961e+03 7.071613584041945444e+01 1.237417571020634114e+03
5.565396080045167082e+02 1.183742099765908961e+03 5.144389351889441286e+02 1.170164354475313985e+03
4.156638580203839979e+02 1.219164437355866994e+03 3.207957417586906104e+02 1.214145130137012075e+03
2.188763729071494879e+02 1.234712636427889947e+03 3.511944399022647190e+01 1.238797717338170060e+03
2.288927996603364079e+02 1.243636974819831039e+03 5.050444555830380011e+01 1.249751609915336985e+03
2.726204402722880786e+02 1.237192839516025970e+03 1.148205415150271023e+02 1.239770295858545978e+03
4.431810427162184283e+02 1.159020761210198089e+03 3.575440468430570036e+02 1.142635453762653924e+03
4.721418451397605054e+02 1.169983616172150050e+03 4.001360196312708126e+02 1.155879121357113945e+03
2.288927996603364079e+02 1.243636974819831039e+03 5.050444555830380011e+01 1.249751609915336985e+03
3.397909485950141857e+02 1.201448040143651042e+03 2.145413335396748948e+02 1.194831352613965919e+03
5.770536608170598356e+02 1.139801462932354980e+03 5.429507089928015375e+02 1.117087570278473095e+03
3.285063083134817248e+02 1.206127429604875033e+03 1.976862039206548900e+02 1.200393398382421992e+03
4.721418451397605054e+02 1.169983616172150050e+03 4.001360196312708126e+02 1.155879121357113945e+03
5.282638453720170446e+02 1.163897926243834036e+03 4.756252141566400269e+02 1.147685365916302089e+03
5.538503234231222905e+02 1.160239292384301962e+03 5.091055070607357038e+02 1.142033673001018997e+03
